0.05 1.0
0.1 1.0
0.15 0.996610169492
0.2 0.98813559322
0.25 0.967796610169
0.3 0.969491525424
0.35 0.949152542373
0.4 0.949152542373
0.45 0.947457627119
0.5 0.940677966102
0.55 0.937288135593
0.6 0.930508474576
0.65 0.937288135593
0.7 0.915254237288
0.75 0.927118644068
0.8 0.920338983051
0.85 0.927118644068
0.9 0.933898305085
0.95 0.915254237288
1.0 0.91186440678
1.05 0.916949152542
1.1 0.910169491525
1.15 0.916949152542
1.2 0.915254237288
1.25 0.903389830508
1.3 0.913559322034
1.35 0.918644067797
1.4 0.915254237288
1.45 0.916949152542
1.5 0.91186440678
1.55 0.903389830508
1.6 0.908474576271
1.65 0.91186440678
1.7 0.903389830508
1.75 0.910169491525
1.8 0.905084745763
1.85 0.901694915254
1.9 0.905084745763
1.95 0.901694915254
2.0 0.905084745763
