2.0 1.0
2.0 0.994915254237
2.0 0.998305084746
2.0 0.991525423729
2.0 0.981355932203
2.0 0.967796610169
2.0 0.967796610169
2.0 0.94406779661
2.0 0.938983050847
2.0 0.935593220339
2.0 0.940677966102
2.0 0.937288135593
2.0 0.928813559322
2.0 0.940677966102
2.0 0.938983050847
2.0 0.927118644068
2.0 0.928813559322
2.0 0.930508474576
2.0 0.916949152542
2.0 0.915254237288
2.0 0.916949152542
2.0 0.910169491525
2.0 0.925423728814
2.0 0.915254237288
2.0 0.91186440678
2.0 0.916949152542
2.0 0.910169491525
2.0 0.910169491525
2.0 0.91186440678
2.0 0.906779661017
2.0 0.91186440678
2.0 0.908474576271
2.0 0.908474576271
2.0 0.906779661017
2.0 0.915254237288
2.0 0.910169491525
2.0 0.901694915254
2.0 0.905084745763
2.0 0.906779661017
2.0 0.901694915254
