0.05 1.0
0.1 1.0
0.15 0.991525423729
0.2 0.991525423729
0.25 0.969491525424
0.3 0.974576271186
0.35 0.966101694915
0.4 0.940677966102
0.45 0.930508474576
0.5 0.937288135593
0.55 0.938983050847
0.6 0.935593220339
0.65 0.920338983051
0.7 0.918644067797
0.75 0.925423728814
0.8 0.927118644068
0.85 0.923728813559
0.9 0.918644067797
0.95 0.915254237288
1.0 0.905084745763
1.05 0.913559322034
1.1 0.915254237288
1.15 0.916949152542
1.2 0.910169491525
1.25 0.920338983051
1.3 0.91186440678
1.35 0.913559322034
1.4 0.91186440678
1.45 0.903389830508
1.5 0.905084745763
1.55 0.910169491525
1.6 0.91186440678
1.65 0.908474576271
1.7 0.905084745763
1.75 0.910169491525
1.8 0.91186440678
1.85 0.913559322034
1.9 0.908474576271
1.95 0.910169491525
2.0 0.910169491525
2.05 0.903389830508
2.1 0.91186440678
2.15 0.903389830508
2.2 0.9
2.25 0.908474576271
2.3 0.901694915254
2.35 0.903389830508
2.4 0.9
2.45 0.901694915254
2.5 0.906779661017
2.55 0.908474576271
2.6 0.906779661017
2.65 0.906779661017
2.7 0.905084745763
2.75 0.903389830508
2.8 0.903389830508
2.85 0.910169491525
2.9 0.905084745763
2.95 0.905084745763
3.0 0.903389830508
3.05 0.908474576271
3.1 0.908474576271
3.15 0.906779661017
3.2 0.901694915254
3.25 0.905084745763
3.3 0.903389830508
3.35 0.905084745763
3.4 0.9
3.45 0.906779661017
3.5 0.903389830508
3.55 0.903389830508
3.6 0.903389830508
3.65 0.901694915254
3.7 0.905084745763
3.75 0.901694915254
3.8 0.903389830508
3.85 0.903389830508
3.9 0.908474576271
3.95 0.906779661017
4.0 0.903389830508
4.05 0.903389830508
4.1 0.901694915254
4.15 0.905084745763
4.2 0.898305084746
4.25 0.901694915254
4.3 0.901694915254
4.35 0.908474576271
4.4 0.905084745763
4.45 0.9
4.5 0.898305084746
4.55 0.903389830508
4.6 0.9
4.65 0.9
4.7 0.901694915254
4.75 0.9
4.8 0.903389830508
4.85 0.898305084746
4.9 0.901694915254
4.95 0.901694915254
5.0 0.905084745763
5.05 0.9
5.1 0.903389830508
5.15 0.908474576271
5.2 0.898305084746
5.25 0.905084745763
5.3 0.898305084746
5.35 0.9
5.4 0.898305084746
5.45 0.898305084746
5.5 0.905084745763
5.55 0.903389830508
5.6 0.9
5.65 0.903389830508
5.7 0.9
5.75 0.906779661017
5.8 0.901694915254
5.85 0.901694915254
5.9 0.9
5.95 0.898305084746
6.0 0.9
6.05 0.901694915254
6.1 0.901694915254
6.15 0.905084745763
6.2 0.9
6.25 0.903389830508
6.3 0.901694915254
6.35 0.905084745763
6.4 0.901694915254
6.45 0.901694915254
6.5 0.903389830508
6.55 0.9
6.6 0.903389830508
6.65 0.898305084746
6.7 0.898305084746
6.75 0.9
6.8 0.903389830508
6.85 0.9
6.9 0.9
6.95 0.901694915254
7.0 0.9
7.05 0.9
7.1 0.898305084746
7.15 0.901694915254
7.2 0.901694915254
7.25 0.898305084746
7.3 0.9
7.35 0.903389830508
7.4 0.903389830508
7.45 0.901694915254
7.5 0.898305084746
7.55 0.9
7.6 0.906779661017
7.65 0.9
7.7 0.898305084746
7.75 0.9
7.8 0.905084745763
7.85 0.898305084746
7.9 0.901694915254
7.95 0.898305084746
8.0 0.898305084746
8.05 0.9
8.1 0.9
8.15 0.898305084746
8.2 0.9
8.25 0.901694915254
8.3 0.898305084746
8.35 0.9
8.4 0.9
8.45 0.9
8.5 0.901694915254
8.55 0.901694915254
8.6 0.898305084746
8.65 0.901694915254
8.7 0.903389830508
8.75 0.903389830508
8.8 0.898305084746
8.85 0.901694915254
8.9 0.898305084746
8.95 0.903389830508
9.0 0.903389830508
9.05 0.9
9.1 0.898305084746
9.15 0.898305084746
9.2 0.903389830508
9.25 0.905084745763
9.3 0.901694915254
9.35 0.9
9.4 0.9
9.45 0.898305084746
9.5 0.901694915254
9.55 0.898305084746
9.6 0.9
9.65 0.898305084746
9.7 0.901694915254
9.75 0.898305084746
9.8 0.9
9.85 0.901694915254
9.9 0.9
9.95 0.9
10.0 0.898305084746
10.05 0.898305084746
10.1 0.9
10.15 0.9
10.2 0.898305084746
10.25 0.898305084746
10.3 0.9
10.35 0.9
10.4 0.898305084746
10.45 0.901694915254
10.5 0.898305084746
10.55 0.898305084746
10.6 0.901694915254
10.65 0.901694915254
10.7 0.898305084746
10.75 0.9
10.8 0.901694915254
10.85 0.9
10.9 0.901694915254
10.95 0.898305084746
11.0 0.9
11.05 0.898305084746
11.1 0.898305084746
11.15 0.898305084746
11.2 0.901694915254
11.25 0.901694915254
11.3 0.898305084746
11.35 0.9
11.4 0.898305084746
11.45 0.903389830508
11.5 0.898305084746
11.55 0.898305084746
11.6 0.9
11.65 0.9
11.7 0.898305084746
11.75 0.901694915254
11.8 0.901694915254
11.85 0.898305084746
11.9 0.9
11.95 0.9
12.0 0.901694915254
12.05 0.901694915254
12.1 0.898305084746
12.15 0.898305084746
12.2 0.9
12.25 0.9
12.3 0.9
12.35 0.9
12.4 0.903389830508
12.45 0.901694915254
12.5 0.901694915254
12.55 0.898305084746
12.6 0.901694915254
12.65 0.9
12.7 0.901694915254
12.75 0.9
12.8 0.9
12.85 0.9
12.9 0.898305084746
12.95 0.901694915254
13.0 0.9
13.05 0.9
13.1 0.903389830508
13.15 0.898305084746
13.2 0.898305084746
13.25 0.898305084746
13.3 0.898305084746
13.35 0.898305084746
13.4 0.9
13.45 0.898305084746
13.5 0.898305084746
13.55 0.898305084746
13.6 0.898305084746
13.65 0.9
13.7 0.901694915254
13.75 0.9
13.8 0.898305084746
13.85 0.901694915254
13.9 0.898305084746
13.95 0.898305084746
14.0 0.898305084746
14.05 0.898305084746
14.1 0.898305084746
14.15 0.901694915254
14.2 0.901694915254
14.25 0.898305084746
14.3 0.898305084746
14.35 0.898305084746
14.4 0.9
14.45 0.9
14.5 0.901694915254
14.55 0.898305084746
14.6 0.9
14.65 0.9
14.7 0.898305084746
14.75 0.898305084746
14.8 0.898305084746
14.85 0.898305084746
14.9 0.9
14.95 0.898305084746
15.0 0.9
